Tiempo,Comando,Veh_mot,Latitud,Longitud,Altitud,Velocidad N,Velocidad E,Velocidad D,Aceleración N,Aceleración E,Aceleración D,Deriva N,Deriva E,Deriva D
0,MOTB,v1_m1,2.28315054028818e-07,-3.14104501087284,508439.060128747,7546.71300269239,-1477.39747725156,10.0015421496205,-0.265418462554472,0.0890050527813814,8.59011269447629,0,0,0
57.4031546073313,MOTB,v1_m1,0.0633019940018183,3.12981397130261,507936.761473237,7531.47714565074,-1472.28830644591,503.101109245042,-0.265418462554472,0.0890050527813814,8.59011269447629,0,0,0
114.806309214663,MOTB,v1_m1,0.126603664053957,3.11742134515227,507577.911896384,7485.82308903857,-1457.1553112482,994.198336399969,-0.795323130313335,0.263626542848261,8.55523064044649,0,0,0
172.209463821994,MOTB,v1_m1,0.189894450663459,3.10489534775796,507361.368571358,7409.92598707371,-1432.0828229691,1481.21842066124,-1.32217649855737,0.43677892705737,8.48420417994012,0,0,0
229.612618429325,MOTB,v1_m1,0.253163452787859,3.09216457616026,507283.69125547,7304.08716834928,-1397.21314078112,1962.1035681287,-1.84378052823782,0.607452367844762,8.37732962163793,0,0,0
287.015773036656,MOTB,v1_m1,0.316399598544117,3.07915076154559,507339.228403207,7168.73277576982,-1352.74572744344,2434.82258357882,-2.35796087349832,0.774651038638146,8.23507033165294,0,0,0
344.418927643987,MOTB,v1_m1,0.379591549666042,3.0657657695682,507520.241096037,7004.41175674919,-1298.93609632069,2897.38024533076,-2.86257820053047,0.937398501717166,8.0580529923153,0,0,0
401.822082251319,MOTB,v1_m1,0.44272754858363,3.05190783392212,507817.060342843,6811.79322671581,-1236.09434952213,3347.82646128321,-3.35553910496726,1.09474378591974,7.84706379002604,0,0,0
459.22523685865,MOTB,v1_m1,0.505795184889645,3.03745668289308,508218.279985196,6591.66323610417,-1164.58339932032,3784.26511800032,-3.83480650353548,1.24576690411844,7.60304306797392,0,0,0
516.628391465981,MOTB,v1_m1,0.56878104208645,3.0222670369445,508710.972370996,6344.92097725918,-1084.81688628859,4204.86257008131,-4.29840939113608,1.38958413657538,7.32707905964579,0,0,0
574.031546073312,MOTB,v1_m1,0.631670175417803,3.00615969671445,509280.933508343,6072.57447287451,-997.25679925117,4607.85572252944,-4.74445187285725,1.52535322555659,7.02040079861168,0,0,0
631.434700680644,MOTB,v1_m1,0.694445336241056,2.98890904015151,509912.940861126,5775.73579160192,-902.410897817159,4991.55964543144,-5.17112140096012,1.6522768144505,6.68436997107103,0,0,0
688.837855287975,MOTB,v1_m1,0.757085817755913,2.97022498395389,510591.032328077,5455.61583922094,-800.829762147481,5354.37473133432,-5.5766961688912,1.76960894160867,6.3204729493481,0,0,0
746.241009895306,MOTB,v1_m1,0.81956570891426,2.9497263657951,511298.790987677,5113.5187752075,-693.103751981187,5694.79330713138,-5.95955163707587,1.8766566211073,5.93031128908698,0,0,0
803.644164502637,MOTB,v1_m1,0.881851199759528,2.92690047940209,512019.632471797,4750.83610469493,-579.859707486889,6011.40572802775,-6.31816618779092,1.97278434031977,5.51559270674535,0,0,0
861.047319109969,MOTB,v1_m1,0.943896308613561,2.90103967625823,512737.096502106,4369.0404947353,-461.75749033579,6302.90592346621,-6.65112592803167,2.05741684335961,5.07812153238743,0,0,0
918.4504737173,MOTB,v1_m1,1.0056358707496,2.8711385527088,513435.12947179,3969.67936154113,-339.486375967658,6568.09639389486,-6.95712867918174,2.13004172339539,4.61978914299561,0,0,0
975.853628324631,MOTB,v1_m1,1.06697355450413,2.8357206174166,514098.35764473,3554.36827215826,-213.761299406795,6805.89266103171,-7.2349872097417,2.19021197390442,4.14256444203295,0,0,0
1033.25678293196,MOTB,v1_m1,1.12776035716939,2.79253302023606,514712.348436841,3124.78419996156,-85.3190951487886,7015.32717483454,-7.48363178182955,2.23754609196342,3.64848439489921,0,0,0
1090.65993753929,MOTB,v1_m1,1.18775374102607,2.73798208169739,515263.852316763,2682.65866868011,45.0855452229672,7195.55270005034,-7.70211209306928,2.27173299557828,3.13964496287076,0,0,0
1148.06309214662,MOTB,v1_m1,1.24653462446945,2.66603493838702,515741.017184855,2229.7708145708,176.683985741326,7345.84518070982,-7.88959870249839,2.2925297645846,2.61819200856743,0,0,0
1205.46624675396,MOTB,v1_m1,1.30332565988227,2.56598533731497,516133.598851729,1767.94039109951,308.697705498549,7465.6061121991,-8.04538403212258,2.29976419693776,2.08631271762882,0,0,0
1262.86940136129,MOTB,v1_m1,1.35656307014832,2.41789727718368,516433.102726618,1299.02073529991,440.342371352693,7554.36443241911,-8.16888303451731,2.29333503976681,1.54622722091073,0,0,0
1320.27255596862,MOTB,v1_m1,1.40285754840745,2.18502027635726,516632.960011862,824.891710085165,570.831928960897,7611.77794967514,-8.25963361174212,2.27321230864093,1.00018052402824,0,0,0
1377.67571057595,MOTB,v1_m1,1.43493810620264,1.81705846750105,516728.607149743,347.452632408006,699.382721002151,7637.63432029376,-8.31729686187286,2.23943776122779,0.450434663312327,0,0,0
1435.07886518328,MOTB,v1_m1,1.44174263892731,1.33251150394752,516717.552993656,-131.384806513409,825.217484891663,7631.85160053468,-8.34165721721957,2.19212279795926,-0.100738710243954,0,0,0
1492.48201979061,MOTB,v1_m1,1.41981537157057,0.899142073891695,516599.466384487,-609.703625507575,947.569553319998,7594.47835337873,-8.33262252338093,2.13145199537012,-0.651066085332961,0,0,0
1549.88517439794,MOTB,v1_m1,1.37875206280976,0.610520919834214,516376.129590478,-1085.58864071814,1065.68679737976,7525.69335333249,-8.29022409074682,2.05767862180648,-1.19827909313982,0,0,0
1607.28832900527,MOTB,v1_m1,1.32806778301638,0.429781957227955,516051.44950378,-1557.13355501935,1178.83563642249,7425.80486398545,-8.21461673189979,1.97112579991,-1.7401219502713,0,0,0
1664.69148361261,MOTB,v1_m1,1.27261638415009,0.311207271528436,515631.37483856,-2022.44804851792,1286.30496536048,7295.24949696027,-8.10607878054046,1.8721850684538,-2.2743587511567,0,0,0
1722.09463821994,MOTB,v1_m1,1.21460349590275,0.228241501947886,515123.81111388,-2479.66486743949,1387.41000963288,7134.59064465774,-7.965012063347,1.76131512220914,-2.79878089281891,0,0,0
1779.49779282727,MOTB,v1_m1,1.15508570136206,0.166750866680467,514538.500922621,-2926.94690656944,1481.49611291393,6944.5164734312,-7.79194178768752,1.6390406402688,-3.31121473247853,0,0,0
1836.9009474346,MOTB,v1_m1,1.09461252567289,0.118962136528831,513886.853317645,-3362.49427678852,1567.94231774938,6725.83749159755,-7.5875162819616,1.50594867872311,-3.80952899417357,0,0,0
1894.30410204193,MOTB,v1_m1,1.03349239569089,0.0803592577752528,513181.771140488,-3784.55134523127,1646.16503126261,6479.48361492601,-7.35250651867209,1.36269015262874,-4.29164352302116,0,0,0
1951.70725664926,MOTB,v1_m1,0.971909973953626,0.0481738232739804,512437.434286609,-4191.41373080829,1715.62134324047,6206.50079993719,-7.08780533683531,1.20997378023865,-4.75553681424249,0,0,0
2009.11041125659,MOTB,v1_m1,0.909982034188754,0.0206262419898134,511669.07014036,-4581.43523269256,1775.81228784152,5908.04716896223,-6.79442627416948,1.04856510086929,-5.19925486702858,0,0,0
2066.51356586393,MOTB,v1_m1,0.847786021371973,-0.00347526634947508,510892.697340812,-4953.03466405365,1826.28590340799,5585.38863947867,-6.47350191645453,0.879282957735181,-5.62091982036048,0,0,0
2123.91672047126,MOTB,v1_m1,0.785375576818611,-0.0249575035052349,510124.85824917,-5304.70255807229,1866.64008830379,5239.89404472025,-6.1262816725707,0.702995944593048,-6.01873881534535,0,0,0
2181.31987507859,MOTB,v1_m1,0.722789431647096,-0.0444119537892186,509382.337442214,-5635.00770831953,1896.52524504921,4873.02973466856,-5.75412888902543,0.520618717731644,-6.39101304730099,0,0,0
2238.72302968592,MOTB,v1_m1,0.660056732291113,-0.0622733743664791,508681.873484948,-5942.60350117144,1915.64660349943,4486.35369045701,-5.35851722707631,0.333106404709336,-6.7361462424256,0,0,0
2296.12618429325,MOTB,v1_m1,0.59720034968425,-0.0788692256892903,508039.86757442,-6226.2339942658,1923.76641997699,4081.50907518443,-4.9410262386196,0.141452443390975,-7.05265447590714,0,0,0
2353.52933890058,MOTB,v1_m1,0.534238998760392,-0.09445174272567,507472.09442079,-6484.73969228074,1920.70573444771,3660.21734417374,-4.50333609334304,-0.0533191172194649,-7.33917384667367,0,0,0
2410.93249350791,MOTB,v1_m1,0.471188628550496,-0.109219383097731,506993.420354868,-6717.06296968606,1906.34589079427,3224.27085209495,-4.04722142876181,-0.250157743971954,-7.59446924234214,0,0,0
2468.33564811524,MOTB,v1_m1,0.408063349414191,-0.123331548894787,506617.533317803,-6922.25308970259,1880.62971074613,2775.52501768285,-3.57454431590285,-0.447992453098726,-7.81744204620393,0,0,0
2525.73880272258,MOTB,v1_m1,0.344876057669417,-0.136918953368259,506356.690258309,-7099.47076958189,1843.56232777518,2315.89007074958,-3.08724635591133,-0.645737733831949,-8.00713741391783,0,0,0
2583.14195732991,MOTB,v1_m1,0.281638857130805,-0.150091087644983,506221.486482479,-7247.9922445155,1795.21162582773,1847.32245732728,-2.5873399458546,-0.842300432409981,-8.16275022910434,0,0,0
2640.54511193724,MOTB,v1_m1,0.218363341073793,-0.162941774766048,506220.650526141,-7367.21278598359,1735.70838198334,1371.81587158514,-2.0768987747035,-1.03658490986128,-8.28363160517676,0,0,0
2697.94826654457,MOTB,v1_m1,0.155060777969853,-0.175553373693348,506360.870495994,-7456.6496350912,1665.24595735641,891.392081099556,-1.55804763204054,-1.22750091190863,-8.36929248526398,0,0,0
2755.3514211519,MOTB,v1_m1,0.0917422295771308,-0.188000099202055,506646.65332268,-7515.94431730829,1584.07964979085,408.09152559348,-1.03295163171261,-1.41396946075136,-8.41940758852216,0,0,0
2812.75457575923,MOTB,v1_m1,0.0284186234301216,-0.200350736529512,507080.221129319,-7544.86431187531,1492.52566242997,-76.036210301856,-0.503804969689401,-1.59492954676724,-8.43381760474721,0,0,0
2870.15773036656,MOTB,v1_m1,-0.0348992048910255,-0.212670972188427,507661.445992403,-7543.30405677563,1390.95970250305,-558.941985377043,0.0271806507910003,-1.76934457037579,-8.41253025863342,0,0,0
2927.56088497389,MOTB,v1_m1,-0.098200485085162,-0.225025515150968,508387.825251753,-7511.2852783944,1279.81521724539,-1038.58668265345,0.557787783620132,-1.93620866340791,-8.35572017875038,0,0,0
2984.96403958123,MOTB,v1_m1,-0.161474491088352,-0.237480136661022,509254.497439121,-7448.95664354623,1159.58129775173,-1512.95068662062,1.0858050445927,-2.09455247392099,-8.26372709325963,0,0,0
3042.36719418856,MOTB,v1_m1,-0.2247105123386,-0.250103811065649,510254.298077367,-7356.5927402146,1030.80022957962,-1980.04324324555,1.60903880567977,-2.24344932004243,-8.13705378772464,0,0,0
3099.77034879589,MOTB,v1_m1,-0.287897808253992,-0.262971045401383,511377.855657376,-7234.5924018543,894.064757919184,-2437.91155464494,2.12532463058601,-2.3820201624072,-7.97636148276967,0,0,0
3157.17350340322,MOTB,v1_m1,-0.351025530273102,-0.276164614213983,512613.724298618,-7083.47639821944,750.015058881936,-2884.64960270706,2.63253831028228,-2.50943872375352,-7.78246511220601,0,0,0
3214.57665801055,MOTB,v1_m1,-0.414082596773503,-0.289778901988813,513948.551944677,-6903.88452316426,599.335454544011,-3318.40661669986,3.12860636812892,-2.62493595288719,-7.55632712104285,0,0,0
3271.97981261788,MOTB,v1_m1,-0.477057498419587,-0.303924155934804,515367.278904798,-6696.57211651391,442.750897250609,-3737.39513493793,3.61151591874137,-2.72780404429905,-7.2990503937315,0,0,0
3329.38296722521,MOTB,v1_m1,-0.539938005531413,-0.318732078374018,516853.365708292,-6462.40606273932,281.023239649619,-4139.89861408854,4.07932378240202,-2.81740017090166,-7.01187037374442,0,0,0
3386.78612183254,MOTB,v1_m1,-0.602710733591859,-0.334363369534692,518389.043445403,-6202.36031365134,114.947391767003,-4524.27854129147,4.53016477695051,-2.89314845183449,-6.69614640227161,0,0,0
3444.18927643988,MOTB,v1_m1,-0.665360502907291,-0.35101821942568,519955.583048678,-5917.51098555103,-54.6527826452613,-4888.98103287839,4.96225913103273,-2.95454449450421,-6.35335277445447,0,0,0
3501.59243104721,MOTB,v1_m1,-0.727869391903653,-0.368951180937272,521533.579242436,-5609.03108317707,-226.928570529848,-5232.5428756943,5.37391898553533,-3.00115540797447,-5.98506902915097,0,0,0
3558.99558565454,MOTB,v1_m1,-0.790215321760358,-0.388492863329621,523103.243221594,-5278.18490336007,-401.01065779102,-5553.5970139497,5.76355397329946,-3.03262230886069,-5.59297028972689,0,0,0
3616.39874026187,MOTB,v1_m1,-0.852369902422656,-0.410082393496754,524644.699799806,-4926.32217055917,-576.013429331553,-5850.87746806384,6.12967588990232,-3.04866122319665,-5.17881736897035,0,0,0
3673.8018948692,MOTB,v1_m1,-0.91429507332995,-0.434317427965236,526138.284343163,-4554.8719544903,-751.03930732691,-6123.22368816199,6.47090248976379,-3.04906375255209,-4.74444692040264,0,0,0
3731.20504947653,MOTB,v1_m1,-0.975937700153463,-0.462033736207858,527564.833774815,-4165.33641696906,-925.183125233476,-6369.5843476661,6.7859604613347,-3.03369769654307,-4.29176168434225,0,0,0
3788.60820408386,MOTB,v1_m1,-1.03722055271376,-0.494436499067084,528905.969372632,-3759.28443103653,-1097.53640741523,-6589.02060666799,7.07368765201409,-3.00250540864419,-3.82272125117432,0,0,0
3846.01135869119,MOTB,v1_m1,-1.09802655285263,-0.533326047758328,530144.363535309,-3338.34511058622,-1267.19181373143,-6780.7088258,7.33303462727383,-2.95550666991622,-3.339332488663,0,0,0
3903.41451329853,MOTB,v1_m1,-1.15816978776557,-0.581504084379237,531263.994084377,-2904.20128327254,-1433.24736889451,-6943.94280205326,7.56306565873354,-2.89279493956384,-2.84364121396932,0,0,0
3960.81766790586,MOTB,v1_m1,-1.2173387816441,-0.643542188821671,532250.369653402,-2458.58293366945,-1594.81073649259,-7078.13551595518,7.7629592424208,-2.81453813302174,-2.33772368121345,0,0,0
4018.22082251319,MOTB,v1_m1,-1.27497735960091,-0.727308943572296,533090.748680474,-2003.26063769184,-1751.00342099754,-7182.82042940884,7.93200825097954,-2.72097736741807,-1.82367875371593,0,0,0
4075.62397712052,MOTB,v1_m1,-1.3300147769406,-0.847099473364323,533774.296325819,-1540.03900342019,-1900.96490546447,-7257.65235820356,8.06961982212197,-2.61242584127556,-1.30362049449394,0,0,0
4133.02713172785,MOTB,v1_m1,-1.380216135027,-1.02968743691452,534292.269298831,-1070.75012789995,-2043.85674010812,-7302.40793772025,8.17531508033718,-2.48926797875672,-0.779671079452684,0,0,0
4190.43028633518,MOTB,v1_m1,-1.42068016408633,-1.32067849326068,534638.098535201,-597.247074432771,-2178.86644713583,-7316.98573978751,8.24872877991102,-2.35195622873432,-0.253954720206244,0,0,0
4247.83344094251,MOTB,v1_m1,-1.4419091927723,-1.75485994073389,534807.525849122,-121.397370514651,-2305.21155674748,-7301.40597211995,8.28960894524336,-2.20101334980482,0.271409607610065,0,0,0
4305.23659554984,MOTB,v1_m1,-1.43460104091219,-2.23608850726345,534798.632353427,354.923476892473,-2422.14334066031,-7255.80989169455,8.29781656888749,-2.03702714097693,0.794313147723345,0,0,0
4362.63975015718,MOTB,v1_m1,-1.40242996066753,-2.60019667578029,534611.851499571,829.83845469155,-2528.95055675695,-7180.45885749436,8.27332541299783,-1.86065063544438,1.31266364567651,0,0,0
4420.04290476451,MOTB,v1_m1,-1.35629686023531,-2.83101059438097,534250.009846861,1301.47551274989,-2624.96306985461,-7075.73306292456,8.21622193561648,-1.67259994253693,1.82439092914289,0,0,0
4477.44605937184,MOTB,v1_m1,-1.30331803248086,-2.97818027769351,533718.240436138,1767.9740364921,-2709.555361031,-6942.12994415599,8.12670535153185,-1.47365230630705,2.32745255347867,0,0,0
4534.84921397917,MOTB,v1_m1,-1.24681907094851,-3.07782553911902,533023.916387697,2227.4913297272,-2782.14993393619,-6780.26225389669,8.00508781056455,-1.2646443109578,2.81983963018342,0,0,0
4592.2523685865,MOTB,v1_m1,-1.18833992286567,3.1335912604908,532176.573972955,2678.20911256175,-2842.220486472,-6590.85584232652,7.85179466037551,-1.04646779339424,3.29958192830721,0,0,0
4649.65552319383,MOTB,v1_m1,-1.12864805829927,3.07911567014236,531187.736426426,3118.34003631411,-2889.29513354128,-6374.74701363537,7.66736474263644,-0.820070732894338,3.76475526771049,0,0,0
4707.05867780116,MOTB,v1_m1,-1.06815774718923,3.03595414953339,530070.779425998,3546.13421343538,-2922.95926215718,-6132.87960589919,7.45245065445637,-0.586450846581139,4.21348633869843,0,0,0
4764.46183240849,MOTB,v1_m1,-1.00710872169232,3.00053822888442,528840.718891679,3959.88575578157,-2942.85830171719,-5866.30165965273,7.20781889386525,-0.346654111540363,4.64395986718836,0,0,0
4821.86498701583,MOTB,v1_m1,-0.945648048444344,2.970627429582,527514.000985047,4357.93930930486,-2948.70026850116,-5576.16170663697,6.93434979743179,-0.101770831654292,5.05442523151345,0,0,0
4879.26814162316,MOTB,v1_m1,-0.883870535033631,2.94475158798772,526108.261632905,4738.69656754307,-2940.25809755847,-5263.70464673226,6.63303717091494,0.147068066214211,5.44320363649148,0,0,0
4936.67129623049,MOTB,v1_m1,-0.821840037524276,2.9219086340453,524642.065851483,5100.62274040068,-2917.37164400552,-4930.2672512979,6.30498751041449,0.398696791308802,5.80869462166764,0,0,0
4994.07445083782,MOTB,v1_m1,-0.759601356263391,2.90139269309343,523134.634046081,5442.25294885492,-2879.94956740877,-4577.27315105392,5.95141871193615,0.651916725705104,6.14938504092068,0,0,0
5051.47760544515,MOTB,v1_m1,-0.697187207438176,2.88269200724975,521605.556593738,5762.19851061511,-2827.97075505346,-4206.2274745958,5.57365817172926,0.905504457217931,6.46385514866347,0,0,0
5108.88076005248,MOTB,v1_m1,-0.634622479338818,2.86542590938379,520074.498974493,6059.15307663266,-2761.48550279266,-3818.71100388259,5.17314018800683,1.1582160025105,6.75078701447724,0,0,0
5166.28391465981,MOTB,v1_m1,-0.571926921641945,2.84930456295371,518560.906687094,6331.89857391418,-2680.61633181945,-3416.3739022819,4.75140258662164,1.4087931495473,7.00897196944831,0,0,0
5223.68706926714,MOTB,v1_m1,-0.50911689246522,2.8341024440664,517083.712330214,6579.31090651753,-2585.55843809055,-3000.92901476439,4.3100825084577,1.65596985704269,7.23731805959765,0,0,0
5281.09022387448,MOTB,v1_m1,-0.446206516369937,2.81964038080251,515661.043793753,6800.36536407636,-2476.57976244571,-2574.14474967898,3.85091131438613,1.89847886218647,7.43485733501653,0,0,0
5338.49337848181,MOTB,v1_m1,-0.383208465727015,2.80577308666299,514309.952754695,6994.14168582785,-2354.02061994463,-2137.8376089786,3.37570858391027,2.13505935935842,7.60075197408505,0,0,0
5395.89653308914,MOTB,v1_m1,-0.320134489109224,2.79238025517553,513046.151945476,7159.82872800803,-2218.29299560451,-1693.86428744449,2.88637520557133,2.36446281164456,7.73430179179403,0,0,0
5453.29968769647,MOTB,v1_m1,-0.25699577069794,2.77936008165516,511883.779063835,7296.72868367545,-2069.87933548233,-1244.11352736777,2.38488557996314,2.58546174225802,7.83494849983871,0,0,0
5510.7028423038,MOTB,v1_m1,-0.193803169944182,2.76662439427722,510835.181746453,7404.2608065383,-1909.33095529479,-790.497661945658,1.87327897915074,2.79685639727962,7.90228112940986,0,0,0
5568.10599691113,MOTB,v1_m1,-0.130567379696267,2.75409489479061,509910.735229027,7481.96459415276,-1737.26601697704,-334.943943447798,1.35365012856861,2.99748227244231,7.9360397806374,0,0,0
5625.50915151846,MOTB,v1_m1,-0.0672990261224268,2.74170014973546,509118.691695189,7529.50239085226,-1554.36708795514,120.614293770074,0.828139098359394,3.1862173825295,7.93611849965629,0,0,0
5682.91230612579,MOTB,v1_m1,-0.00400872958718648,2.7293730734243,508465.065900818,7546.66137683693,-1361.3782931661,574.246578083389,0.298920609887088,3.3619893559716,7.90256715709104,0,0,0
